POINTS
[0.36368410735801204, 1.230505127934063, -2.931044027515956] | 0.1 | 1000
[-1.8915706654026148, 0.14336110886211484, -3.1536046555973813] | 0.1 | 1000.0
[-1.347174071342266, 0.34741945219795634, -5.86589676885532] | 0.1 | 1000
[-0.16329224752140875, 2.071258242054018, -4.697480477634018] | 0.1 | 1000
JOINTS
1 | 0
2 | 1
3 | 2
3 | 0
0 | 2
3 | 1
COLLISIONRECTS
[13.23055919983225, 5.37098157837281, 8.53978499280555] | [0.35088469067472716, -2.340816195475836, -3.244883183116492] | [0, 0, 0.3260087063324843] | 999.9999999999997 | 1.0 | 1 | 0.8 | s
